Usable_Cam_Num=2
Cam_0:
K=733.4194946289062,0.0,677.0755744722919,0.0,727.9413452148438,371.1172229629956,0.0,0.0,1.0,
Rt=1.0,0.0,0.0,0.0,0.0,1.0,0.0,0.0,0.0,0.0,1.0,0.0,
D=0.2147472331453079,-0.2732202500011019,0.00434533953723634,0.004428067245633363,0.0970330435279617,
Cam_1:
K=748.4232177734375,0.0,642.8672819862913,0.0,729.883544921875,356.7454906852945,0.0,0.0,1.0,
Rt=0.9884642357180589,-0.09604133796914842,0.1171089924276077,-0.22250489417217154,0.0976352084305115,0.9951906214291495,-0.007936818896377377,-0.007622301337406942,-0.11578350824294556,0.019279222509197027,0.9930873530553073,-0.02319333141690251,
D=0.22910334175675495,-0.34568752138814385,0.001567949141112811,0.004285736456965656,0.2068982373110755,
