Usable_Cam_Num=4
Cam_0:
K=578.2973022460938,0.0,359.859364800559,0.0,575.8910522460938,278.41188354189217,0.0,0.0,1.0,
Rt=1.0,0.0,0.0,0.0,0.0,1.0,0.0,0.0,0.0,0.0,1.0,0.0,
D=0.1465180303462284,-0.13973835939428722,-0.00838283989273432,-0.004838554919729717,0.04066970090763619,
Cam_1:
K=569.4783935546875,0.0,396.053325388486,0.0,573.444580078125,265.8654559759234,0.0,0.0,1.0,
Rt=0.995503907372508,-0.038701148493555396,-0.08645340659192599,0.41051661299091924,0.03722484105889022,0.9991333479671888,-0.018624290268810836,-0.013140436593303429,0.08709926299463996,0.015322339415256932,0.9960817959889812,0.02851135716421789,
D=0.1651148606166961,-0.12166816122258908,-0.012380716213260163,0.0052166321856555635,-0.05142878169759777,
Cam_2:
K=584.8800048828125,0.0,426.23234382744704,0.0,579.6329956054688,284.1308850643454,0.0,0.0,1.0,
Rt=0.9837303372465753,0.0077535637658258764,-0.17948399881234134,0.7626697838290663,-0.00794282229885833,0.9999683988960014,-0.0003358322440631178,-0.03628913453816696,0.17947572302310982,0.0017559778747654104,0.9837608354610562,0.16256920975929454,
D=0.17301471587240475,-0.21057905568032195,-0.014298518547772355,0.013528199795730412,0.09744007141262291,
Cam_3:
K=579.0173950195312,0.0,417.3907925450949,0.0,575.432373046875,295.727993932509,0.0,0.0,1.0,
Rt=0.9627643524864248,0.15764798125927285,-0.21961765772876965,1.176060126250779,-0.15970280006221357,0.9871287048821157,0.008481488669187342,-0.23059279248034603,0.21812798360981492,0.0269078799356783,0.9755491524078546,0.39540417230570596,
D=0.1535446899983053,-0.16013282258962674,-0.004639638645515193,0.003359190983449536,-0.011160539011603824,
